8.150000000000000000e+04
4.000000000000000000e+00
4.000000000000000000e+01
4.750000000000000000e+01
7.000000000000000000e+00
6.299999999999999822e+00
2.500000000000000000e+00
6.100000000000000000e+01
1.000000000000000000e+02
5.500000000000000000e+01
6.400000000000000000e+01
1.939999999999997726e+00
4.780000000000000249e+00
3.827389999999999418e+03
3.750000000000000000e+02
1.410999999999999943e+01
3.119999999999997442e+00
2.190000000000001279e+00
9.540000000000006253e+00
3.829999999999998295e+00
2.539999999999999147e+00
1.000000000000000000e+00
1.000000000000000000e+00
1.000000000000000000e+00
1.000000000000000000e+00
1.000000000000000000e+00
1.000000000000000000e+00
1.000000000000000000e+00
1.000000000000000000e+00
1.000000000000000000e+00
