6.000000000000000000e+03
0.000000000000000000e+00
0.000000000000000000e+00
0.000000000000000000e+00
0.000000000000000000e+00
6.999999999999999556e-01
4.500000000000000000e+00
-1.000000000000000000e+00
0.000000000000000000e+00
0.000000000000000000e+00
0.000000000000000000e+00
2.330000000000000071e+01
6.969999999999999751e+00
1.313250000000000000e+04
5.139999999999999858e+01
7.503000000000000114e+01
3.213000000000000256e+01
2.757000000000000028e+01
7.759999999999999432e+01
3.167000000000000171e+01
2.708999999999999986e+01
0.000000000000000000e+00
0.000000000000000000e+00
0.000000000000000000e+00
0.000000000000000000e+00
0.000000000000000000e+00
0.000000000000000000e+00
0.000000000000000000e+00
0.000000000000000000e+00
0.000000000000000000e+00
