1.500000000000000000e+01
5.900000000000000000e+01
6.700000000000000000e+01
8.150000000000000000e+04
7.700000000000000000e+01
3.000000000000000000e+00
1.000000000000000000e+00
1.000000000000000000e+00
1.000000000000000000e+00
1.000000000000000000e+00
2.000000000000000000e+00
3.000000000000000000e+00
4.000000000000000000e+00
2.000000000000000000e+00
1.000000000000000000e+00
2.000000000000000000e+00
9.000000000000000000e+00
2.000000000000000000e+00
1.150000000000000000e+02
8.250000000000000000e+01
2.760000000000000000e+02
2.400000000000000000e+01
4.000000000000000000e+01
4.750000000000000000e+01
3.000000000000000000e+01
7.500000000000000000e+01
1.800000000000000000e+02
1.000000000000000000e+00
3.000000000000000000e+00
3.000000000000000000e+00
7.000000000000000000e+00
6.299999999999999822e+00
3.000000000000000000e+00
2.500000000000000000e+00
8.000000000000000000e+01
8.000000000000000000e+01
1.000000000000000000e+02
7.500000000000000000e+01
1.000000000000000000e+02
1.000000000000000000e+02
1.000000000000000000e+02
1.000000000000000000e+02
1.000000000000000000e+02
1.000000000000000000e+02
5.500000000000000000e+01
1.000000000000000000e+02
1.000000000000000000e+02
6.000000000000000000e+01
1.000000000000000000e+02
1.000000000000000000e+02
6.000000000000000000e+01
1.000000000000000000e+02
6.400000000000000000e+01
3.429999999999996163e+00
1.939999999999997726e+00
2.299999999999997158e+00
4.780000000000000249e+00
3.827389999999999418e+03
8.199999999999999512e-01
3.750000000000000000e+02
2.300000000000000377e-01
1.410999999999999943e+01
3.119999999999997442e+00
2.609999999999999432e+00
2.190000000000001279e+00
4.439999999999999503e+00
6.736370000000002619e+03
7.800000000000000266e-01
4.333000000000000114e+02
2.200000000000000011e-01
9.540000000000006253e+00
3.829999999999998295e+00
2.800000000000000711e+00
2.539999999999999147e+00
5.179999999999999716e+00
2.456154999999999927e+04
9.100000000000000311e-01
3.903000000000000114e+02
3.099999999999999978e-01
1.489999999999999147e+01
1.000000000000000000e+00
1.000000000000000000e+00
1.000000000000000000e+00
1.000000000000000000e+00
1.000000000000000000e+00
1.000000000000000000e+00
1.000000000000000000e+00
1.000000000000000000e+00
1.000000000000000000e+00
1.000000000000000000e+00
1.000000000000000000e+00
1.000000000000000000e+00
1.000000000000000000e+00
1.000000000000000000e+00
1.000000000000000000e+00
1.000000000000000000e+00
1.000000000000000000e+00
1.000000000000000000e+00
1.000000000000000000e+00
1.000000000000000000e+00
1.000000000000000000e+00
1.000000000000000000e+00
1.000000000000000000e+00
1.000000000000000000e+00
1.000000000000000000e+00
1.000000000000000000e+00
1.000000000000000000e+00
1.000000000000000000e+00
1.000000000000000000e+00
1.000000000000000000e+00
1.000000000000000000e+00
1.000000000000000000e+00
1.000000000000000000e+00
1.000000000000000000e+00
1.000000000000000000e+00
1.000000000000000000e+00
1.000000000000000000e+00
1.000000000000000000e+00
1.000000000000000000e+00
1.000000000000000000e+00
1.000000000000000000e+00
1.000000000000000000e+00
1.000000000000000000e+00
1.000000000000000000e+00
1.000000000000000000e+00
1.000000000000000000e+00
1.000000000000000000e+00
1.000000000000000000e+00
1.000000000000000000e+00
1.000000000000000000e+00
1.000000000000000000e+00
1.000000000000000000e+00
1.000000000000000000e+00
1.000000000000000000e+00
1.000000000000000000e+00
1.000000000000000000e+00
1.000000000000000000e+00
1.000000000000000000e+00
1.000000000000000000e+00
1.000000000000000000e+00
1.000000000000000000e+00
1.000000000000000000e+00
1.000000000000000000e+00
1.000000000000000000e+00
1.000000000000000000e+00
1.000000000000000000e+00
1.000000000000000000e+00
1.000000000000000000e+00
1.000000000000000000e+00
1.000000000000000000e+00
1.000000000000000000e+00
1.000000000000000000e+00
1.000000000000000000e+00
1.000000000000000000e+00
1.000000000000000000e+00
1.000000000000000000e+00
1.000000000000000000e+00
1.000000000000000000e+00
1.000000000000000000e+00
1.000000000000000000e+00
1.000000000000000000e+00
1.000000000000000000e+00
1.000000000000000000e+00
1.000000000000000000e+00
1.000000000000000000e+00
1.000000000000000000e+00
1.000000000000000000e+00
1.000000000000000000e+00
1.000000000000000000e+00
1.000000000000000000e+00
