0.016       0.012       0.006       0.004       0.013       0.013
  0.014       0.008       0.          0.011       0.014       0.014
  0.003       0.001       0.          0.          0.          0.006
  0.001       0.011       0.          0.006       0.          0.014
  0.012       0.003       0.015       0.006       0.004       0.005
  0.005       0.002       0.003       0.014       0.003       0.002
  0.014       0.002       0.007       0.007       0.014       0.
  0.001       0.006       0.007       0.002       0.013       0.006
  0.006       0.          0.012       0.007       0.          0.005
  0.011       0.004       0.01        0.002       0.          0.
  0.001       0.          0.004       0.014       0.          0.01
  0.016       0.007       0.006       0.01        0.007       0.012
  0.011       0.013       0.012       0.002       0.014       0.008
  0.013       0.003       0.          0.          0.013       0.014
  0.          0.009       0.014       0.          0.          0.003
  0.003       0.006       0.014       0.011       0.003       0.012
  0.009       0.004       0.          0.01        0.006       0.003
  0.001       0.         -0.01        0.004       0.004       0.002
  0.          0.014       0.006       0.013       0.          0.014
  0.          0.002       0.006       0.005       0.007       0.002
  0.01        0.014       0.004       0.          0.007       0.
  0.008       0.009       0.006       0.015       0.001       0.01
  0.004       0.009       0.003       0.          0.008       0.008
  0.009       0.          0.014       0.005       0.004       0.002
  0.006       0.          0.          0.005       0.005       0.002
  0.          0.008       0.002       0.013       0.          0.
  0.006       0.          0.          0.         -0.006       0.004
  0.002       0.004       0.008       0.009       0.003       0.005
  0.          0.          0.          0.004       0.012       0.014
