0.001 0.008 0.    0.005 0.003 0.002 0.    0.    0.    0.006 0.    0.018
 0.006 0.027 0.005 0.    0.001 0.    0.009 0.005 0.001 0.023 0.004 0.005
 0.    0.004 0.011 0.001 0.006 0.018 0.005 0.    0.002 0.005 0.    0.007
 0.018 0.015 0.005 0.006 0.014 0.011 0.003 0.013 0.001 0.001 0.009 0.004
 0.003 0.002 0.001 0.016 0.008 0.002 0.004 0.001 0.012 0.    0.002 0.006
 0.004 0.007 0.015 0.005 0.    0.001 0.006 0.    0.009 0.005 0.006 0.003
 0.008 0.02  0.01  0.    0.01  0.005 0.    0.001 0.    0.    0.    0.008
 0.013 0.017 0.007 0.006 0.004 0.001 0.008 0.006 0.    0.005 0.005 0.
 0.002 0.    0.    0.002 0.008 0.017 0.    0.007 0.    0.004 0.001 0.003
 0.012 0.008 0.    0.    0.013 0.003 0.    0.02  0.007 0.008 0.01  0.005
 0.006 0.003 0.011 0.002 0.01  0.    0.004 0.009 0.001 0.003 0.014 0.011
 0.024 0.    0.    0.    0.009 0.001 0.008 0.    0.01  0.004 0.014 0.001
 0.002 0.003 0.    0.003 0.003 0.    0.002 0.007 0.    0.007 0.008 0.012
 0.002 0.    0.007 0.007 0.    0.005 0.008 0.037 0.001 0.003 0.023 0.008
 0.011 0.007 0.    0.001 0.008 0.01